2057.7816072837213
13.800558803104856
13.800558803105371
13.800558803104732
13.800558803105297
13.800558803104956
13.80055880310484
13.80055880310501
13.80055880310496
13.800558803104853
13.80055880310491
13.80055880310497
13.800558803104941
13.800558803105073
13.800558803105039
13.80055880310484
13.800558803105023
13.800558803105025
13.800558803105071
13.800558803104886
13.800558803105035
13.800558803104941
13.800558803104947
13.800558803105137
13.800558803104943
13.800558803104739
13.800558803105005
13.800558803105043
13.800558803105003
13.800558803105085
13.800558803104822
13.800558803104975
13.800558803104844
13.800558803104972
13.800558803104764
13.80055880310498
13.800558803104964
13.800558803105032
13.800558803105025
13.80055880310497
13.80055880310521
13.80055880310498
13.800558803104922
13.800558803104805
13.800558803104936
13.800558803104963
13.800558803104972
13.800558803105009
13.800558803104824
13.800558803104789
13.80055880310506
13.800558803104767
13.800558803105217
13.800558803104943
13.80055880310537
13.80055880310482
13.800558803105025
13.800558803104975
13.800558803104767
13.800558803104968
13.800558803105073
13.80055880310477
13.800558803104995
13.80055880310526
13.800558803104883
13.800558803104856
13.800558803104831
13.800558803105073
13.800558803104861
13.800558803104861
13.800558803105169
13.800558803105092
13.80055880310489
13.800558803104929
13.800558803104174
13.800558803104886
13.800558803105107
13.800558803104988
13.800558803104767
13.800558803105
13.80055880310499
13.80055880310479
13.800558803104792
13.800558803105295
13.800558803104696
13.800558803105087
13.80055880310495
13.800558803104714
13.800558803105124
13.80055880310521
13.800558803105389
13.800558803105183
13.800558803105323
13.800558803105279
13.800558803104847
13.800558803105186
13.800558803103218
13.800558803104922
13.80055880310503
13.800558803104801
13.800558803104515
13.800558803105423
13.800558803105334
13.800558803105227
13.800558803104868
13.800558803104119
13.800558803104755
13.80055880310475
13.800558803105302
13.800558803103858
13.800558803105204
13.80055880310475
13.800558803104387
13.80055880310518
13.800558803104744
13.800558803105345
13.800558803104755
13.8005588031049
13.800558803105146
13.800558803104645
13.800558803105655
13.80055880310478
13.800558803105584
13.800558803104906
13.800558803105739
13.80055880310499
13.800558803105373
13.800558803105176
13.800558803105053
13.80055880310481
13.800558803104444
13.800558803104552
13.80055880310459
13.80055880310523
13.800558803105124
13.800558803104986
13.80055880310479
13.800558803104618
13.800558803104897
13.800558803104686
13.800558803105055
13.800558803105146
13.800558803104657
13.800558803104963
13.800558803105542
13.80055880310498
13.800558803104815
13.800558803104998
13.80055880310462
13.800558803104641
13.800558803105234
13.8005588031044
13.800558803104929
13.800558803104503
13.800558803104764
13.80055880310604
13.800558803105028
13.800558803105405
13.800558803105067
13.80055880310509
13.80055880310546
13.800558803104384
13.800558803104803
13.800558803105153
13.800558803104005
13.8005588031047
13.800558803105082
13.8005588031072
13.800558803104067
13.80055880310469
13.800558803104565
13.800558803104934
13.80055880310555
13.800558803105512
13.80055880310413
13.800558803105737
13.80055880310473
13.800558803104003
13.800558803104119
13.800558803106044
13.800558803103172
13.80055880310459
13.800558803104861
13.800558803099818
13.800558803100957
13.800558803106325
13.800558803107105
13.800558803104394
13.800558803104632
13.800558803104328
13.800558803108446
13.800558803106643
13.800558803100698
13.800558803106687
13.800558803112994
13.800558803105764
13.800558803104982
13.80055880310489
13.800558803104963
13.800558803105163
13.800558803106151
13.80055880310505
13.800558803106384
13.800558803105798
13.800558803105352
13.800558803104215
13.800558803106437
13.800558803102456
13.800558803106133
13.80055880310498
13.800558803105762
13.800558803105353
13.800558803104645
13.800558803103858
13.800558803105584
13.80055880310562
13.800558803106224
13.800558803105417
13.800558803105563
13.80055880310479
13.800558803105536
13.800558803106085
13.800558803104288
13.800558803104975
13.80055880310416
13.800558803105623
13.800558803104957
13.800558803105972
13.800558803104618
13.80055880310594
13.800558803104735
13.800558803105536
13.800558803108292
13.800558803104352
13.800558803104696
13.800558803105694
13.800558803103424
13.800558803104556
13.800558803105604
13.80055880310421
13.800558803105764
13.800558803104725
13.800558803104293
13.80055880310466
13.800558803104492
13.800558803105526
13.800558803106009
13.800558803104593
13.800558803105062
13.800558803105067
13.800558803105062
13.800558803105659
13.800558803105385
13.80055880310407
13.800558803104892
13.800558803104977
13.80055880310456
13.800558803106274
13.800558803104925
13.800558803105794
13.800558803105615
13.800558803104977
13.800558803104481
13.800558803105197
13.800558803104686
13.800558803105245
13.800558803105599
13.800558803105513
13.800558803105234
13.800558803105087
13.800558803104568
13.800558803105144
13.800558803105853
13.80055880310303
13.800558803104744
13.800558803103508
13.800558803104552
13.800558803106066
13.800558803105094
13.800558803104858
13.800558803105014
13.80055880310415
13.80055880310133
13.80055880310491
13.800558803105318
13.800558803120868
13.800558803104614
13.800558803105021
13.800558803104858
13.800558803106313
13.80055880310621
13.800558803104451
13.800558803105401
13.800558803105286
13.80055880310496
13.80055880310431
13.800558803104698
13.800558803103986
13.800558803107146
13.800558803103849
13.800558803105542
13.800558803104071
13.800558803105153
13.800558803103952
13.800558803104188
13.800558803104217
13.800558803104918
13.80055880310451
13.800558803104659
13.800558803106059
13.80055880310654
13.800558803104705
13.800558803104831
13.800558803105952
13.80055880310511
13.800558803105028
13.800558803104838
13.800558803102051
13.800558803104616
13.800558803104174
13.800558803105456
13.800558803099154
13.800558803106036
13.800558803102412
13.800558803104021
13.800558803108045
13.800558803104762
13.800558803104956
13.80055880310406
13.800558803105805
13.800558803105062
13.800558803105275
13.800558803105965
13.800558803104606
13.80055880310572
13.800558803109855
13.800558803105854
13.800558803104137
13.800558803104613
13.800558803106634
13.800558803103149
13.800558803106064
13.800558803106998
13.800558803098568
13.800558803104764
13.800558803105417
13.800558803104666
13.800558803106423
13.800558803103288
13.800558803104483
13.800558803104112
13.800558803105382
13.800558803106771
13.800558803104384
13.80055880310526
13.800558803106862
13.80055880310525
13.80055880310724
13.800558803105224
13.800558803105694
13.800558803099621
13.800558803107524
13.800558803109094
13.800558803104988
13.800558803108078
13.80055880310632
13.80055880310325
13.800558803112706
13.80055880310571
13.800558803106329
13.800558803101687
13.800558803105684
13.800558803106991
13.800558803107533
13.800558803105268
13.800558803109439
13.800558803110075
13.800558803101328
13.800558803100293
13.800558803105519
13.80055880310412
13.800558803105776
13.800558803105789
13.800558803104101
13.800558803099516
13.800558803105046
13.800558803104751
13.800558803104794
13.800558803109402
13.800558803105378
13.800558803105766
13.800558803104982
13.80055880310602
13.800558803104973
13.800558803102938
13.800558803104387
13.80055880310408
13.800558803105861
13.800558803104735
13.800558803104177
13.800558803105016
13.80055880310577
13.800558803104185
13.800558803103872
13.800558803107426
13.800558803103987
13.800558803105801
13.80055880310411
13.800558803103987
13.800558803106844
13.80055880310665
13.800558803104948
13.800558803086465
13.800558803101776
13.800558803103332
13.800558803104826
13.800558803104881
13.800558803130999
13.80055880310436
13.800558803103446
13.800558803106332
13.800558803106178
13.800558803104687
13.800558803105124
13.800558803107707
13.800558803104792
13.800558803103645
13.800558803105089
13.800558803104858
13.800558803105224
13.80055880310396
13.80055880310712
13.800558803104382
13.800558803104613
13.800558803104604
13.800558803103927
13.800558803106236
13.800558803098244
13.800558803104835
13.800558803097642
13.800558803105641
13.800558803105666
13.800558803106512
13.800558803102662
13.80055880310433
13.8005588031052
13.800558803103728
13.800558803105327
13.800558803104538
13.800558803104312
13.800558803105758
13.800558803104352
13.800558803103646
13.800558803104568
13.800558803108716
13.80055880310615
13.800558803104629
13.800558803107528
13.800558803106004
13.800558803105437
13.800558803101627
13.800558803104654
13.800558803104217
13.800558803101685
13.800558803105448
13.800558803104341
13.800558803104446
13.800558803104856
13.800558803104304
13.800558803101088
13.80055880310702
13.800558803101852
13.800558803102893
13.80055880310533
13.800558803104467
13.800558803104606
13.8005588031063
13.800558803105622
13.80055880310566
13.800558803103502
13.800558803105691
13.8005588031053
13.800558803105655
13.80055880310535
13.8005588031018
13.800558803100033
13.800558803105076
13.800558803105273
13.80055880310296
13.800558803104739
13.800558803106934
13.800558803106826
13.800558803105899
13.800558803105222
13.800558803105313
13.800558803106094
13.800558803104542
13.800558803105796
13.800558803102824
13.800558803105554
13.800558803105089
13.800558803103405
13.800558803105602
13.800558803104627
13.800558803104549
13.800558803104416
13.800558803105542
13.800558803104623
13.800558803105698
13.800558803103621
13.80055880310498
13.800558803107839
13.800558803104941
13.80055880310455
13.800558803106856
13.800558803102694
13.800558803103398
13.800558803104776
13.800558803104305
13.800558803105359
13.800558803104606
13.8005588031148
13.800558803106634
13.800558803099658
13.800558803104641
13.800558803104838
13.80055880310486
13.800558803108517
13.800558803103266
13.80055880310462
13.800558803108272
13.800558803102817
13.800558803103755
13.800558803106314
13.800558803102465
13.800558803100657
13.800558803108116
13.800558803105883
13.800558803104542
13.800558803107972
13.800558803103883
13.800558803105146
13.800558803106135
13.800558803104073
13.80055880310857
13.800558803100143
13.800558803104472
13.800558803101065
13.800558803098697
13.800558803106037
13.800558803102588
13.80055880309783
13.800558803104686
13.800558803103677
13.800558803103579
13.800558803110746
13.800558803097081
13.800558803103051
13.80055880311389
13.80055880306951
13.800558803102529
13.800558803096537
13.800558803119966
13.800558803102817
13.800558803107373
13.80055880310982
13.800558803105268
13.80055880311379
13.80055880311083
13.800558803105417
13.800558803116362
13.800558803108181
13.800558803102362
13.80055880310395
13.800558803101884
13.800558803106476
13.800558803101133
13.800558803104954
13.80055880311054
13.800558803106567
13.800558803102469
13.800558803108785
13.80055880310071
13.800558803106329
13.800558803108814
13.800558803104156
13.800558803105318
13.800558803106341
13.800558803104895
13.800558803103785
13.80055880310316
13.800558803102742
13.800558803105833
13.800558803102358
13.800558803103433
13.80055880310858
13.800558803098737
13.800558803106162
13.800558803105538
13.800558803129436
13.800558803108656
13.800558803105213
13.800558803101538
13.800558803108071
13.800558803104451
13.800558803103897
13.800558803105115
13.800558803105776
13.800558803104446
13.800558803106844
13.800558803104398
13.800558803104456
13.800558803103373
13.800558803105664
13.800558803106032
13.800558803105977
13.800558803103502
13.800558803107648
13.80055880309752
13.800558803107679
13.800558803108238
13.800558803104169
13.8005588031056
13.80055880310554
13.800558803104426
13.800558803105169
13.800558803107057
13.800558803102296
13.80055880310392
13.800558803104902
13.80055880310639
13.80055880310487
13.800558803100778
13.800558803109878
13.80055880310363
13.800558803102577
13.800558803105138
13.800558803106851
13.800558803105362
13.800558803104598
13.800558803103229
13.800558803103856
13.800558803108737
13.800558803102879
13.800558803103714
13.800558803106929
13.800558803101227
13.800558803103678
13.800558803105602
13.800558803104607
13.800558803108878
13.80055880310499
13.800558803104606
13.800558803103476
13.800558803106728
13.800558803109292
13.800558803105801
13.800558803106275
13.800558803101572
13.800558803104742
13.800558803105309
13.800558803103238
13.800558803106854
13.80055880310194
13.800558803113375
13.800558803104645
13.800558803105965
13.800558803108405
13.800558803105215
13.800558803099511
13.800558803109436
13.800558803105849
13.800558803098433
13.80055880310659
13.800558803098644
13.800558803103897
13.800558803104037
13.800558803104826
13.800558803102351
13.800558803101605
13.800558803105421
13.800558803105314
13.80055880310429
13.80055880310427
13.80055880310685
13.800558803102296
13.800558803102023
13.800558803104382
13.800558803106798
13.800558803105377
13.80055880310309
13.800558803103081
13.800558803101303
13.8005588031059
13.800558803106025
13.800558803105215
13.800558803113608
13.800558803106044
13.80055880310576
13.800558803102259
13.800558803104794
13.800558803104302
13.800558803101316
13.800558803102762
13.800558803103765
13.80055880310329
13.800558803106412
13.800558803101804
13.80055880310007
13.800558803105087
13.800558803105496
13.800558803103812
13.80055880310027
13.800558803099342
13.800558803106618
13.80055880310618
13.800558803106036
13.800558803102172
13.800558803103128
13.800558803111384
13.80055880310605
13.800558803104634
13.800558803107831
13.800558803099376
13.80055880310165
13.800558803105785
13.800558803101602
13.800558803099548
13.800558803109526
13.800558803096648
13.800558803100154
13.800558803105437
13.800558803098188
13.800558803106334
13.800558803110702
13.800558803102858
13.800558803112846
13.800558803085352
13.800558803098442
13.80055880310617
13.80055880308894
13.800558803101097
13.800558803102978
13.80055880304404
13.800558803048276
13.8005588031294
13.800558803131663
13.80055880310322
13.800558803110361
13.800558803110073
13.80055880310323
13.8005588031017
13.800558803111974
13.800558803120927
13.800558803117752
13.800558803102799
13.800558803111548
13.800558803109753
13.800558803104066
13.800558803110636
13.8005588031091
13.800558803106474
13.800558803108267
13.800558803106481
13.800558803109189
13.800558803109562
13.80055880310213
13.800558803108284
13.800558803101032
13.800558803106178
13.800558803106473
13.80055880310517
13.800558803103094
13.800558803109345
13.80055880311529
13.800558803107325
13.800558803105497
13.80055880310741
13.800558803105648
13.800558803116559
13.800558803107585
13.800558803103366
13.800558803099648
13.800558803101458
13.800558803102872
13.800558803100788
13.800558803104812
13.800558803108174
13.800558803105686
13.800558803106211
13.800558803111173
13.800558803104831
13.800558803104005
13.800558803103717
13.800558803106133
13.800558803113098
13.800558803104868
13.800558803109613
13.800558803107608
13.800558803105462
13.800558803104304
13.80055880310584
13.800558803115338
13.800558803102312
13.800558803104561
13.800558803106378
13.800558803107327
13.800558803106005
13.80055880310683
13.800558803107675
13.800558803103216
13.800558803108837
13.80055880310137
13.800558803104899
13.800558803107002
13.800558803105295
13.800558803104105
13.800558803103879
13.800558803108418
13.800558803102426
13.80055880310672
13.80055880310481
13.800558803105982
13.800558803109125
13.800558803093868
13.800558803103577
13.800558803114825
13.80055880310459
13.800558803105076
13.8005588031072
13.800558803106416
13.800558803104847
13.80055880310494
13.800558803106915
13.800558803085565
13.800558803103433
13.80055880310361
13.800558803104689
13.80055880310265
13.80055880310177
13.800558803106725
13.800558803106119
13.80055880310683
13.80055880310573
13.800558803103527
13.80055880310566
13.80055880310679
13.800558803109455
13.800558803101941
13.80055880310152
13.800558803110526
13.800558803101808
13.800558803104634
13.80055880310281
13.800558803107338
13.800558803101922
13.800558803104948
13.800558803102751
13.800558803106437
13.800558803103756
13.800558803104693
13.800558803106085
13.800558803101925
13.8005588031077
13.80055880310638
13.800558803105808
13.800558803107926
13.800558803102748
13.800558803105085
13.800558803103732
13.800558803104906
13.800558803105753
13.80055880310593
13.800558803104689
13.800558803103081
13.800558803106876
13.800558803108231
13.800558803106346
13.80055880310176
13.800558803103621
13.800558803095017
13.800558803105616
13.800558803107537
13.80055880310048
13.800558803105318
13.80055880310118
13.800558803103781
13.800558803102497
13.800558803107965
13.800558803108423
13.800558803107776
13.800558803116227
13.800558803109539
13.800558803101676
13.800558803107169
13.800558803105679
13.800558803107101
13.800558803105808
13.800558803100794
13.800558803100564
13.800558803108135
13.800558803108203
13.800558803108462
13.800558803106068
13.80055880310391
13.800558803106831
13.800558803100579
13.80055880310754
13.80055880310811
13.800558803101458
13.800558803103502
13.800558803109363
13.800558803094821
13.800558803107375
13.800558803105288
13.800558803105906
13.80055880309741
13.800558803104726
13.800558803105746
13.800558803094093
13.800558803108414
13.800558803108757
13.800558803110825
13.800558803113235
13.800558803102613
13.800558803105323
13.800558803117482
13.800558803118339
13.800558803128245
13.800558803091963
13.800558803111096
13.800558803114212
13.800558803099586
13.800558803103044
13.800558803108817
13.8005588031148
13.800558803120392
13.80055880310318
13.800558803098019
13.800558803106554
13.800558803102822
13.800558803102854
13.80055880310384
13.80055880309776
13.80055880310588
13.800558803108192
13.800558803122996
13.800558803103346
13.800558803107219
13.800558803104568
13.800558803108464
13.8005588031024
13.800558803110272
13.800558803103607
13.800558803101747
13.800558803106366
13.800558803105911
13.800558803104106
13.800558803102982
13.800558803105394
13.80055880310094
13.800558803100833
13.80055880310572
13.800558803105423
13.800558803104241
13.800558803105595
13.800558803111036
13.800558803105146
13.800558803104794
13.800558803106837
13.800558803100634
13.80055880310655
13.800558803104044
13.800558803103304
13.800558803098761
13.800558803104783
13.80055880310006
13.800558803101604
13.800558803106524
13.800558803106604
13.800558803104161
13.800558803106096
13.800558803120685
13.800558803109562
13.800558803106926
13.800558803103904
13.800558803109245
13.800558803105929
13.80055880310409
13.800558803105107
13.80055880310408
13.80055880310494
13.800558803103863
13.800558803104849
13.800558803104085
13.800558803100047
13.800558803101726
13.800558803109572
13.800558803104668
13.800558803109281
13.800558803105089
13.800558803104344
13.800558803101978
13.800558803106766
13.800558803100683
13.800558803106462
13.80055880309651
13.800558803105782
13.800558803103245
13.800558803103645
13.800558803102017
13.800558803103309
13.800558803107613
13.800558803103591
13.800558803105389
13.800558803103897
13.8005588031084
13.800558803105416
13.80055880310576
13.800558803106464
13.800558803103476
13.800558803105433
13.800558803107595
13.80055880310464
13.800558803104098
13.800558803105808
13.800558803105401
13.800558803102204
13.800558803107608
13.800558803105286
13.80055880310323
13.800558803108911
13.800558803105327
13.800558803101682
13.80055880310657
13.800558803104147
13.80055880310594
13.800558803104536
13.800558803103605
13.800558803102302
13.800558803103437
13.800558803109908
13.800558803112157
13.800558803104199
13.800558803099404
13.800558803095436
13.800558803101172
13.800558803104323
13.800558803105645
13.800558803104007
13.800558803104966
13.800558803106606
13.800558803105623
13.800558803104918
13.800558803105409
13.800558803107439
13.80055880310439
13.800558803102806
13.800558803109185
13.80055880310489
13.800558803105757
13.800558803106425
13.8005588031036
13.800558803107263
13.800558803104133
13.8005588031089
13.8005588031045
13.800558803106151
13.80055880310094
13.800558803110336
13.800558803102314
13.800558803108995
13.800558803106483
13.800558803105204
13.800558803051374
13.800558803102543
13.80055880310499
13.800558803105066
13.800558803106664
13.800558803102836
13.80055880310471
13.800558803100873
13.800558803103433
13.800558803104169
13.800558803103387
13.800558803114939
13.800558803101287
13.800558803101321
13.800558803111565
13.800558803098639
13.800558803100786
13.800558803107231
13.800558803097081
13.800558803105346
13.800558803108627
13.800558803104796
13.800558803101083
13.800558803102794
13.800558803106531
13.80055880310484
13.800558803105975
13.800558803107238
13.800558803130452
13.800558803111125
13.800558803104918
13.800558803103137
13.800558803096546
13.800558803106346
13.800558803096767
13.800558803092862
13.800558803112775
13.800558803090613
13.800558803088366
13.800558803112962
13.800558803113091
13.8005588030997
13.800558803111645
13.800558803111832
13.800558803084256
13.800558803094443
13.800558803074013
13.800558803136553
13.800558803105849
13.800558803095177
13.800558803111182
13.800558803114598
13.800558803101666
13.800558803111675
13.80055880311015
13.800558803101573
13.800558803102268
13.800558803112095
13.800558803111237
13.800558803112548
13.800558803104504
13.800558803096964
13.800558803104447
13.800558803108583
13.800558803109308
13.800558803097784
13.80055880311547
13.800558803103499
13.800558803100671
13.800558803107728
13.800558803107954
13.800558803101174
13.800558803095381
13.800558803110912
13.800558803108634
13.800558803103096
13.800558803098832
13.80055880310752
13.80055880309986
13.800558803105437
13.80055880311059
13.800558803105547
13.800558803107315
13.800558803103579
13.800558803105398
13.800558803108338
13.800558803105387
13.800558803104257
13.800558803108235
13.800558803106211
13.800558803101772
13.800558803103877
13.800558803106522
13.80055880310279
13.8005588031145
13.800558803102113
13.80055880309825
13.800558803105822
13.800558803110016
13.800558803107398
13.800558803110635
13.800558803108075
13.800558803107055
13.800558803103678
13.800558803103055
13.80055880309994
13.800558803105968
13.800558803100873
13.800558803105952
13.800558803106131
13.800558803107593
13.800558803107888
13.80055880311056
13.80055880310362
13.800558803104622
13.800558803104142
13.800558803108622
13.800558803102392
13.80055880310274
13.800558803100675
13.800558803103835
13.80055880310369
13.80055880310955
13.800558803100405
13.800558803124463
13.800558803106151
13.800558803115173
13.800558803104705
13.800558803105762
13.800558803106545
13.80055880309726
13.800558803108867
13.800558803108965
13.80055880310535
13.800558803107045
13.800558803108203
13.800558803106332
13.80055880310258
13.800558803104348
13.800558803107082
13.800558803107315
13.800558803109045
13.800558803105995
13.800558803106851
13.800558803108267
13.800558803102053
13.800558803108139
13.800558803103517
13.800558803113033
13.800558803111327
13.80055880310952
13.800558803115047
13.800558803108744
13.800558803113692
13.800558803107696
13.800558803104497
13.80055880310376
13.800558803112246
13.80055880310655
13.800558803105773
13.800558803101927
13.80055880310836
13.800558803083119
13.800558803104208
13.800558803106425
13.800558803102268
13.80055880310749
13.800558803106114
13.800558803104806
13.800558803108814
13.800558803106895
13.800558803105869
13.800558803094905
13.800558803105401
13.800558803103055
13.800558803101836
13.800558803104249
13.800558803107638
13.800558803110334
13.800558803111832
13.800558803105071
13.800558803106515
13.800558803103243
13.800558803104494
13.800558803117356
13.800558803110086
13.800558803099873
13.800558803107688
13.800558803107684
13.80055880309609
13.80055880311302
13.800558803110068
13.800558803109677
13.800558803112128
13.80055880310051
13.800558803107874
13.800558803110055
13.800558803098232
13.800558803099968
13.800558803108382
13.800558803103414
13.800558803109237
13.80055880311915
13.800558803107418
13.800558803105691
13.800558803109531
13.800558803113386
13.80055880311182
13.800558803134567
13.80055880310652
13.800558803109821
13.80055880310374
13.800558803106801
13.80055880310059
13.800558803101518
13.800558803116953
13.800558803109867
13.80055880310188
13.80055880311731
13.80055880310328
13.800558803103621
13.800558803150281
13.80055880310802
13.800558803118667
13.800558803108137
13.800558803100113
13.800558803125007
13.800558803116758
13.80055880311111
13.80055880320633
13.80055880320243
13.800558803065531
13.800558803059078
13.800558803108089
13.800558803094988
13.800558803085101
13.800558803108778
13.800558803092125
13.80055880308455
13.800558803115445
13.800558803094695
13.800558803096763
13.800558803099857
13.800558803103254
13.80055880310403
13.8005588031053
13.800558803100058
13.800558803104725
13.800558803103595
13.800558803110881
13.80055880310429
13.800558803116838
13.800558803110311
13.80055880309987
13.800558803101891
13.800558803112713
13.800558803102406
13.800558803102813
13.800558803108679
13.800558803125469
13.80055880310627
13.80055880309046
13.800558803104366
13.800558803102657
13.800558803113324
13.800558803099696
13.80055880310684
13.800558803101623
13.800558803099909
13.80055880311206
13.800558803096948
13.800558803105991
13.800558803097445
13.800558803103845
13.800558803101925
13.800558803110018
13.800558803103279
13.800558803106282
13.800558803112558
13.80055880310544
13.800558803106941
13.800558803101781
13.800558803106211
13.800558803105009
13.800558803099303
13.800558803101787
13.800558803108713
13.800558803097672
13.80055880310796
13.800558803091368
13.800558803097932
13.800558803106622
13.800558803107107
13.800558803108553
13.800558803110597
13.800558803107096
13.800558803094987
13.800558803110802
13.80055880310095
13.800558803104286
13.800558803110974
13.800558803102861
13.800558803104554
13.800558803107076
13.800558803108084
13.800558803127396
13.800558803097964
13.800558803101325
13.800558803109007
13.800558803108279
13.800558803079833
13.800558803097314
13.800558803107387
13.800558803105755
13.800558803105325
13.800558803102048
13.800558803103858
13.800558803099788
13.80055880310688
13.800558803100467
13.800558803098232
13.800558803102893
13.80055880310214
13.800558803112757
13.800558803105954
13.800558803106972
13.800558803104606
13.800558803107707
13.800558803106728
13.800558803113717
13.800558803114988
13.80055880309838
13.80055880310365
13.800558803067196
13.800558803108208
13.800558803094003
13.800558803108975
13.80055880310743
13.80055880310655
13.800558803109906
13.80055880310369
13.80055880310139
13.800558803100975
13.800558803107469
13.800558803110341
13.80055880310532
13.800558803108618
13.800558803100751
13.800558803093006
13.800558803108483
13.800558803100847
13.800558803162707
13.800558803103662
13.800558803111763
13.800558803100628
13.800558803098646
13.800558803111016
13.800558803109466
13.800558803103941
13.800558803109471
13.80055880310856
13.800558803108691
13.800558803101811
13.800558803105863
13.800558803106528
13.800558803103861
13.800558803115802
13.80055880310327
13.800558803105496
13.800558803102767
13.800558803105899
13.800558803103524
13.800558803094239
13.800558803105409
13.800558803102271
13.800558803068261
13.800558803105758
13.800558803101211
13.800558803099351
13.80055880310924
13.800558803103709
13.800558803103955
13.800558803102586
13.800558803095354
13.800558803098477
13.800558803102522
13.800558803100314
13.800558803101756
13.800558803110519
13.800558803107405
13.800558803103986
13.800558803110974
13.800558803108089
13.800558803099106
13.800558803112002
13.800558803106457
13.80055880313804
13.800558803102687
13.800558803109288
13.800558803103497
13.800558803102353
13.800558803101246
13.800558803108684
13.80055880309938
13.80055880311725
13.800558803105256
13.800558803089825
13.80055880313846
13.800558803117452
13.800558803093649
13.800558803129624
13.800558803116306
13.800558803082493
13.800558803209464
13.800558803115086
13.800558803120975
13.800558803061692
13.800558803105394
13.800558803099234
13.80055880309532
13.800558803106407
13.800558803103323
13.800558803116795
13.800558803110782
13.800558803088117
13.800558803108302
13.800558803104924
13.800558803093125
13.80055880310194
13.800558803095903
13.800558803096893
13.800558803119491
13.800558803077049
13.800558803097758
13.8005588031134
13.80055880310055
13.800558803099232
13.800558803113528
13.800558803108556
13.800558803102316
13.800558803103108
13.80055880309389
13.800558803098367
13.80055880310223
13.80055880309887
13.800558803099923
13.800558803104657
13.800558803114493
13.800558803099676
13.800558803163701
13.800558803103591
13.800558803062298
13.80055880310409
13.800558803112438
13.800558803100765
13.800558803096981
13.80055880310837
13.800558803105066
13.800558803111462
13.800558803109103
13.800558803102792
13.800558803094882
13.800558803082556
13.80055880310354
13.80055880310964
13.800558803103922
13.800558803102488
13.800558803113768
13.800558803097012
13.800558803109869
13.80055880309867
13.800558803106213
13.800558803143112
13.800558803107247
13.800558803104087
13.80055880310799
13.800558803106021
13.8005588031027
13.80055880310514
13.800558803100598
13.800558803104828
13.800558803106606
13.800558803105986
13.800558803109176
13.800558803109551
13.800558803104076
13.800558803113985
13.80055880309823
13.800558803106398
13.800558803112018
13.800558803106886
13.800558803117601
13.800558803102797
13.800558803100405
13.800558803105323
13.800558803085323
13.800558803098541
13.800558803105165
13.800558803097452
13.800558803107622
13.80055880311495
13.800558803108244
13.800558803105849
13.80055880310002
13.800558803107803
13.800558803101922
13.800558803112684
13.800558803101673
13.800558803088752
13.800558803112489
13.800558803107803
13.800558803107627
13.800558803100781
13.8005588031042
13.800558803117516
13.800558803107972
13.800558803125579
13.800558803099634
13.80055880310674
13.800558803110318
13.80055880309873
13.800558803109368
13.800558803113523
13.80055880309279
13.800558803107133
13.800558803097399
13.800558803110354
13.800558803108277
13.800558803100195
13.800558803103518
13.800558803113825
13.800558803115043
13.800558803103552
13.800558803096083
13.800558803093605
13.80055880311041
13.800558803104222
13.800558803102463
13.800558803106862
13.800558803104428
13.80055880310694
13.80055880311359
13.800558803106222
13.800558803102867
13.800558803109922
13.800558803104117
13.800558803094223
13.800558803110379
13.800558803104945
13.800558803099202
13.800558803093695
13.800558803118745
13.800558803106625
13.800558803104854
13.800558803110759
13.800558803106883
13.800558803116722
13.800558803120362
13.800558803127066
13.800558803090109
13.80055880310275
13.800558803093965
13.80055880309917
13.800558803107497
13.800558803105526
13.8005588031008
13.800558803102977
13.80055880310971
13.800558803108618
13.800558803104432
13.800558803109396
13.800558803110182
13.800558803099404
13.800558803115267
13.800558803098104
13.80055880310035
13.80055880309737
13.800558803111233
13.800558803105869
13.800558803107501
13.800558803105021
13.800558803097752
13.800558803101078
13.800558803113196
13.800558803107553
13.800558803104172
13.80055880311243
13.800558803105865
13.800558803162156
13.800558803097529
13.800558803122549
13.800558803096937
13.800558803095768
13.80055880310032
13.800558803087963
13.800558803101099
13.8005588030988
13.800558803075628
13.800558803089139
13.800558803107249
13.800558803116303
13.800558803114463
13.80055880309996
13.800558803107522
13.800558803108856
13.800558803067448
13.800558803095385
13.80055880309964
13.800558803116903
13.800558803101055
13.800558803109572
13.80055880310978
13.80055880310915
13.800558803110306
13.800558803117648
13.800558803102623
13.800558803112102
13.800558803095242
13.80055880311433
13.800558803113365
13.80055880310477
13.800558803112008
13.800558803094741
13.800558803081724
13.800558803105016
13.800558803100673
13.800558803096003
13.800558803110375
13.800558803104348
13.8005588031079
13.800558803093825
13.800558803099317
13.800558803098196
13.800558803106085
13.800558803109556
13.800558803106497
13.800558803102676
13.800558803102554
13.80055880311555
13.800558803098166
13.800558803107098
13.80055880310277
13.800558803106622
13.800558803107
13.800558803107108
13.80055880310218
13.800558803107462
13.800558803090794
13.800558803107734
13.80055880310972
13.80055880310361
13.800558803113635
13.800558803105147
13.800558803091134
13.800558803103263
13.800558803115596
13.800558803102042
13.800558803104638
13.800558803104071
13.800558803113002
13.800558803108009
13.800558803010878
13.800558803119888
13.800558803102172
13.800558803103108
13.800558803094969
13.800558803103199
13.800558803103549
13.800558803109427
13.800558803101486
13.800558803096129
13.800558803104003
13.800558803100227
13.800558803104684
13.800558803113262
13.800558803103524
13.800558803107352
13.800558803098319
13.80055880311165
13.800558803115575
13.800558803106826
13.800558803104304
13.800558803099662
13.80055880310289
13.800558803102062
13.8005588031796
13.800558803102033
13.800558803107025
13.800558803103456
13.80055880309289
13.800558803105979
13.800558803108984
13.800558803101918
13.800558803112025
13.800558803102684
13.800558803120461
13.800558803100817
13.80055880309787
13.800558803105021
13.8005588031113
13.800558803100259
13.800558803102525
13.800558803112882
13.800558803107924
13.80055880310839
13.800558803103009
13.800558803102676
13.800558803103366
13.8005588031078
13.800558803098257
13.800558803108572
13.800558803111684
13.800558803112153
13.800558803111219
13.800558803116807
13.800558803107762
13.800558803102945
13.800558803099289
13.800558803085522
13.800558803104373
13.800558803098788
13.800558803105409
13.800558803101268
13.800558803105902
13.800558803121861
13.80055880309901
13.800558803106163
13.800558803092212
13.800558803104698
13.800558803107313
13.80055880310398
13.800558803105572
13.800558803107249
13.800558803109295
13.800558803107771
13.800558803110228
13.800558803099026
13.800558803098339
13.800558803098726
13.800558803103575
13.800558803107311
13.800558803101543
13.800558803096047
13.800558803101044
13.800558803101174
13.8005588031264
13.800558803125247
13.800558803115411
13.800558803108434
13.800558803104797
13.800558803102076
13.80055880310672
13.80055880310207
13.800558803107894
13.800558803104057
13.80055880311341
13.800558803109235
13.800558803101525
13.800558803088625
13.800558803109338
13.800558803111473
13.800558803131796
13.800558803105979
13.800558803092605
13.800558803100776
13.800558803122886
13.800558803109247
13.800558803100758
13.80055880307673
13.800558803102284
13.800558803110334
13.800558803105021
13.80055880311539
13.800558803092853
13.800558803088174
13.800558803111112
13.800558803109672
13.800558803112644
13.800558803126245
13.800558803114464
13.800558803102385
13.80055880311243
13.800558803133903
13.800558803099053
13.80055880309571
13.800558803097498
13.80055880311833
13.80055880311793
13.800558803109832
13.800558803158035
13.800558803157825
13.800558803088883
13.800558803082618
13.80055880311444
13.800558803098037
13.800558803096349
13.800558803112382
13.800558803067462
13.800558803106114
13.800558803102156
13.800558803108444
13.800558803105401
13.800558803111338
13.800558803104526
13.800558803111159
13.80055880306192
13.800558803117653
13.800558803102136
13.80055880310372
13.800558803094416
13.800558803105663
13.800558803102398
13.80055880309312
13.800558803112011
13.80055880309318
13.8005588031085
13.800558803105217
13.800558803106235
13.800558803109627
13.800558803102833
13.800558803100053
13.800558803110782
13.800558803097928
13.800558803111983
13.800558803102712
13.80055880311177
13.800558803107943
13.800558803104158
13.800558803095587
13.800558803095724
13.800558803095937
13.800558803109015
13.800558803110153
13.8005588031002
13.800558803107462
13.80055880312392
13.800558803114843
13.800558803108148
13.800558803111668
13.800558803104877
13.800558803112349
13.800558803109677
13.80055880311488
13.800558803102
13.800558803103568
13.80055880310256
13.800558803088148
13.800558803116138
13.800558803104058
13.800558803108368
13.800558803103918
13.800558803113349
13.80055880311039
13.800558803118626
13.800558803104277
13.800558803121396
13.800558803102367
13.800558803104426
13.800558803114123
13.800558803109432
13.800558803100149
13.800558803103453
13.800558803095214
13.800558803109977
13.800558803109567
13.800558803100124
13.800558803116479
13.800558803115974
13.800558803113388
13.800558803107997
13.800558803103216
13.800558803103213
13.800558803107972
13.800558803113613
13.800558803114505
13.8005588031059
13.800558803106137
13.800558803108133
13.800558803098605
13.800558803106526
13.800558803102449
13.800558803102577
13.80055880310435
13.80055880310686
13.80055880310666
13.800558803108963
13.800558803114459
13.800558803107636
13.80055880310415
13.800558803109615
13.800558803128922
13.800558803105458
13.80055880311084
13.800558803109421
13.800558803103188
13.800558803104824
13.800558803106535
13.800558803107586
13.800558803097166
13.800558803108672
13.800558803098951
13.800558803107648
13.800558803110917
13.800558803104071
13.800558803104622
13.800558803108002
13.800558803110224
13.800558803096989
13.800558803109043
13.800558803113525
13.800558803110466
13.80055880310002
13.800558803111109
13.800558803112315
13.80055880310365
13.800558803107984
13.800558803103543
13.80055880310138
13.800558803099847
13.800558803112963
13.80055880310448
13.800558803111967
13.80055880310503
13.80055880310732
13.800558803105705
13.800558803110292
13.80055880310119
13.800558803105318
13.800558803105874
13.800558803108522
13.800558803105062
13.800558803106407
13.800558803104702
13.800558803106432
13.800558803106979
13.800558803106998
13.800558803107181
13.800558803110382
13.800558803109288
13.800558803105295
13.800558803110922
13.800558803105917
13.800558803110759
13.80055880310389
13.800558803111326
13.800558803107073
13.800558803103856
13.800558803105266
13.800558803112907
13.800558803105428
13.80055880310419
13.800558803117713
13.800558803113049
13.800558803107716
13.80055880311876
13.800558803108853
13.800558803106757
13.800558803122863
13.800558803115694
13.80055880311358
13.800558803107286
13.80055880311684
13.800558803110059
13.800558803113827
13.8005588031183
13.800558803098975
13.800558803106178
13.800558803124705
13.800558803128695
13.800558803128807
13.80055880314013
13.800558803143574
13.800558803165577
13.800558803224938
